16 -3
16 -2
15 -4
15 -3
15 -2
15 -1
14 -3
14 -2
14 -1
13 -14
13 -13
13 14
13 15
13 17
15 36
15 37
14 36
14 37
12 1
12 2
12 14
12 15
12 17
12 18
12 19
12 20
12 35
11 -5
11 -4
11 -3
11 -2
11 0
11 1
11 2
11 3
11 6
11 14
11 15
11 17
11 18
11 19
11 20
11 35
11 36
10 -5
10 -4
10 -3
10 -2
10 -1
10 0
10 1
10 3
10 4
10 6
10 10
10 14
10 15
10 16
10 18
10 19
10 20
10 34
10 35
9 -4
9 -3
9 -2
9 0
9 1
9 3
9 4
9 5
9 10
9 13
9 14
9 15
9 19
9 30
9 31
9 32
9 33
9 41
9 42
8 12
8 13
8 14
8 15
8 16
8 17
8 18
8 19
8 20
8 21
8 22
8 24
8 25
8 26
8 27
8 29
8 30
8 31
8 32
8 33
8 41
8 42
7 13
7 14
7 15
7 16
7 17
7 18
7 20
7 21
7 22
7 24
7 25
7 26
7 27
7 28
7 29
7 30
7 31
7 32
7 33
7 34
7 35
7 36
6 20
6 21
6 24
6 26
6 27
6 28
6 29
6 30
6 31
6 32
6 33
6 34
6 35
6 36
5 26
5 27
5 28
5 29
5 30
5 31
5 32
5 33
5 34
5 35
5 36
4 23
4 24
4 25
4 27
4 28
4 29
4 30
4 31
4 32
4 33
4 34
4 35
4 39
4 40
3 25
3 28
3 29
3 30
3 31
3 32
3 33
3 34
2 28
2 29
2 31
2 32
2 35
2 37
2 38
1 27
1 28
1 29
1 30
1 31
1 32
1 34
1 35
1 36
1 37
1 38
0 27
0 28
0 29
0 30
0 34
0 35
0 36
0 37
0 38
-1 27
-1 28
-1 29
-1 30
-1 31
-1 34
-1 35
-1 36
-1 37
-1 38
-1 39
-1 41
-2 29
-2 30
-2 31
-2 34
-2 35
-2 36
-2 37
-2 38
-2 39
-2 40
-2 41
-3 28
-3 30
-3 31
-3 33
-3 34
-3 35
-3 36
-3 37
-3 38
-3 39
-3 40
-4 30
-4 31
-4 34
-4 35
-4 36
-4 37
-4 38
-4 39
-4 40
-5 27
-5 28
-5 30
-5 31
-5 32
-5 34
-5 35
-5 36
-5 37
-5 38
-5 39
-6 29
-6 30
-6 31
-6 32
-6 33
-6 34
-6 35
-6 36
-6 37
-6 38
-7 13
-7 16
-7 17
-7 18
-7 29
-7 30
-7 31
-7 32
-7 33
-7 34
-7 35
-7 36
-7 37
-7 38
-8 13
-8 14
-8 15
-8 16
-8 17
-8 18
-8 30
-8 31
-8 32
-8 33
-8 34
-8 35
-8 36
-8 37
-8 38
-8 39
-9 13
-9 14
-9 15
-9 16
-9 17
-9 18
-9 26
-9 27
-9 30
-9 31
-9 32
-9 33
-9 34
-9 35
-9 36
-9 37
-9 38
-9 39
-10 13
-10 14
-10 25
-10 26
-10 27
-10 35
-10 36
-10 37
-10 38
-10 39
-11 14
-11 32
-11 33
-11 34
-11 36
-11 37
-11 38
-11 39
-11 40
-12 13
-12 14
-12 23
-12 24
-12 29
-12 30
-12 31
-12 32
-12 33
-12 35
-12 36
-12 37
-12 38
-12 39
-12 40
-13 13
-13 14
-13 22
-13 23
-13 24
-13 25
-13 29
-13 30
-13 31
-13 32
-13 33
-13 34
-13 35
-13 36
-13 37
-13 38
-13 39
-13 40
-14 16
-14 17
-14 18
-14 20
-14 21
-14 24
-14 25
-14 26
-14 30
-14 31
-14 32
-14 33
-14 34
-14 35
-14 36
-14 37
-14 38
-14 39
-14 40
-15 14
-15 15
-15 16
-15 17
-15 18
-15 19
-15 20
-15 21
-15 25
-15 26
-15 29
-15 30
-15 31
-15 32
-15 33
-15 34
-15 35
-15 36
-15 37
-15 38
-16 14
-16 15
-16 16
-16 17
-16 18
-16 19
-16 20
-16 21
-16 22
-16 25
-16 26
-16 28
-16 29
-16 30
-16 31
-16 32
-16 33
-16 34
-16 35
-16 36
-17 14
-17 15
-17 16
-17 17
-17 18
-17 19
-17 20
-17 21
-17 22
-17 23
-17 24
-17 25
-17 26
-17 27
-17 28
-17 29
-17 30
-17 31
-17 32
-17 33
-17 34
-17 37
-17 38
-18 13
-18 14
-18 17
-18 18
-18 19
-18 20
-18 21
-18 22
-18 23
-18 24
-18 25
-18 26
-18 27
-18 28
-18 29
-18 32
-18 33
-18 34
-18 35
-18 37
-18 38
-19 12
-19 13
-19 14
-19 15
-19 16
-19 17
-19 18
-19 19
-19 20
-19 21
-19 22
-19 23
-19 24
-19 25
-19 26
-19 27
-19 28
-19 29
-19 32
-19 33
-19 34
-19 35
-19 36
-20 12
-20 13
-20 14
-20 15
-20 16
-20 17
-20 19
-20 20
-20 21
-20 22
-20 23
-20 24
-20 25
-20 26
-20 27
-20 28
-20 29
-20 32
-20 33
-20 34
-20 35
-21 13
-21 14
-21 15
-21 21
-21 22
-21 23
-21 24
-21 25
-21 26
-21 27
-21 28
-21 29
-21 30
-21 31
-21 32
-21 33
-22 13
-22 14
-22 15
-22 21
-22 22
-22 23
-22 24
-22 25
-22 27
-22 28
-22 29
-22 30
-22 31
-22 32
-22 33
-23 22
-23 23
-23 24
-23 28
-23 29
-23 30
-23 31
-23 32
-23 33
-24 22
-24 23
-24 24
-24 25
-24 30
-24 31
-24 32
-24 33
-25 26
-25 27
-25 30
-25 31
-25 32
-26 26
-26 27
-26 30
-26 31
-26 32
-27 30
-27 31
-27 32
-28 31
-28 32
-29 31
-29 32
-33 26
-34 22
-34 23
-34 25
-34 26
-35 22
-35 23
