14 -3
14 -2
14 -1
13 -14
13 -13
12 -14
12 -13
12 1
12 2
11 -15
11 -5
11 -4
11 -3
11 -2
11 0
11 1
11 2
11 3
11 6
10 -5
10 -4
10 -3
10 -2
10 -1
10 0
10 1
10 3
10 4
10 6
10 10
10 15
10 16
10 18
10 19
10 20
9 -13
9 -12
9 -11
9 -5
9 -4
9 -3
9 -2
9 0
9 1
9 3
9 4
9 5
9 10
9 13
9 14
9 15
9 19
8 -12
8 -11
8 -10
8 -8
8 -6
8 -5
8 -4
8 0
8 1
8 12
8 13
8 14
8 15
8 16
8 17
8 18
8 19
8 20
8 21
8 22
8 24
8 25
8 26
8 27
8 29
7 -12
7 -11
7 -10
7 -9
7 -8
7 -7
7 -4
7 -3
7 -2
7 -1
7 4
7 5
7 12
7 13
7 14
7 15
7 16
7 17
7 18
7 20
7 21
7 22
7 24
7 25
7 26
7 27
7 28
7 29
6 -10
6 -9
6 -8
6 -6
6 -5
6 -4
6 -3
6 -1
6 4
6 5
6 9
6 11
6 12
6 20
6 21
6 24
6 26
6 27
6 28
6 29
6 30
6 31
5 -10
5 -9
5 -8
5 -7
5 -6
5 -5
5 -4
5 -3
5 -2
5 6
5 8
5 9
5 12
5 13
5 26
5 27
5 28
5 29
5 30
5 31
5 32
4 -9
4 -8
4 -6
4 -3
4 7
4 8
4 9
4 10
4 23
4 24
4 25
4 27
4 28
4 29
4 30
4 31
4 32
4 33
3 12
3 13
3 14
3 15
3 16
3 17
3 22
3 23
3 24
3 25
3 28
3 29
3 30
3 31
3 32
3 33
2 9
2 10
2 11
2 12
2 13
2 14
2 15
2 16
2 17
2 23
2 24
2 25
2 26
2 28
2 29
2 31
2 32
1 9
1 10
1 11
1 12
1 13
1 14
1 15
1 16
1 17
1 20
1 21
1 22
1 24
1 27
1 28
1 29
1 30
1 31
1 32
0 9
0 10
0 11
0 12
0 13
0 14
0 15
0 16
0 17
0 20
0 21
0 22
0 23
0 27
0 28
0 29
0 30
-1 8
-1 9
-1 10
-1 11
-1 12
-1 13
-1 14
-1 15
-1 16
-1 17
-1 22
-1 23
-1 24
-1 25
-1 26
-1 27
-1 28
-1 29
-1 30
-1 31
-2 8
-2 9
-2 10
-2 11
-2 12
-2 13
-2 14
-2 16
-2 17
-2 20
-2 21
-2 22
-2 23
-2 24
-2 25
-2 27
-2 29
-2 30
-2 31
-3 9
-3 10
-3 11
-3 12
-3 13
-3 14
-3 15
-3 16
-3 17
-3 20
-3 21
-3 22
-3 24
-3 25
-3 27
-3 28
-3 30
-3 31
-4 10
-4 11
-4 12
-4 13
-4 14
-4 15
-4 20
-4 21
-4 24
-4 25
-4 27
-4 30
-4 31
-5 11
-5 12
-5 27
-5 28
-5 30
-6 12
-6 29
-6 30
-7 13
-7 16
-7 17
-7 18
-8 13
-8 14
-8 15
-8 16
-8 17
-8 18
-9 13
-9 14
-9 15
-9 16
-9 17
-9 18
-10 13
-10 14
